Date/Time,Volumen M3,Vol sin Corregir M3,Presion BAR,Temperatura °C,Max Flujo M3/h,Min Flujo M3/h
07/05/2021 06:00,   999.625,   297.000,    2.4725,   22.6578,  176.0522,    0.0000
08/05/2021 06:00,   948.375,   281.000,    2.4745,   22.6489,  154.7706,    0.0000
09/05/2021 06:00,   241.688,    72.000,    2.4914,   23.3958,  216.6320,    0.0000
10/05/2021 06:00,  1105.375,   329.000,    2.4620,   22.7122,    0.0000,    0.0000
11/05/2021 06:00,  1093.688,   326.000,    2.4781,   23.0253,  206.2905,    0.0000
12/05/2021 06:00,  1208.500,   360.000,    2.4817,   22.6046,  165.2153,    0.0000
13/05/2021 06:00,  1223.813,   365.000,    2.4655,   22.8629,  165.1649,    0.0000
14/05/2021 06:00,  1091.813,   325.000,    2.4665,   22.9871,  175.5023,    0.0000
15/05/2021 06:00,   796.500,   236.000,    2.4699,   22.6172,  203.0187,    0.0000
16/05/2021 06:00,   260.938,    78.000,    2.4859,   22.5448,  155.2560,    0.0000
17/05/2021 06:00,  1136.500,   335.000,    2.4466,   22.4587,    0.0000,    0.0000
18/05/2021 06:00,  1333.188,   396.000,    2.4888,   22.1418,  200.4236,    0.0000
19/05/2021 06:00,  1272.125,   377.000,    2.4795,   22.0833,  182.2795,    0.0000
20/05/2021 06:00,  1117.000,   331.000,    2.4865,   22.5686,  174.2808,    0.0000
21/05/2021 06:00,  1129.875,   335.000,    2.4736,   21.7826,  178.1733,    0.0000
22/05/2021 06:00,   906.063,   267.000,    2.4736,   21.9657,  187.7233,    0.0000
23/05/2021 06:00,   264.688,    80.000,    2.4948,   21.6744,  172.8951,    0.0000
24/05/2021 06:00,  1152.063,   342.000,    2.4104,   21.6982,  208.0270,    0.0000
25/05/2021 06:00,  1172.938,   348.000,    2.4720,   22.3067,  203.4459,    0.0000
26/05/2021 06:00,  1296.000,   384.000,    2.4774,   22.5065,  162.1611,    0.0000
27/05/2021 06:00,  1373.063,   407.000,    2.4867,   22.7150,  165.7054,    0.0000
28/05/2021 06:00,  1110.313,   329.000,    2.4818,   22.0055,  199.6503,    0.0000
29/05/2021 06:00,   948.250,   279.000,    2.4679,   21.4131,  247.6059,    0.0000
30/05/2021 06:00,   272.875,    82.000,    2.4981,   20.7832,  166.7665,    0.0000
31/05/2021 06:00,  1249.188,   372.000,    2.4240,   22.0784,    0.0000,    0.0000
01/06/2021 06:00,  1229.750,   364.000,    2.4611,   20.9498,  189.5000,    0.0000
02/06/2021 06:00,  1293.188,   383.000,    2.4686,   20.8113,  286.5801,    0.0000
03/06/2021 06:00,  1382.000,   409.000,    2.4721,   20.3709,  295.8487,    0.0000
04/06/2021 06:00,  1372.313,   406.000,    2.4670,   20.2720,  797.1626,    0.0000
05/06/2021 06:00,   841.063,   248.000,    2.4686,   20.8999,  279.6163,    0.0000
06/06/2021 06:00,   312.375,    93.000,    2.4900,   21.1737,  158.7580,    0.0000
07/06/2021 06:00,  1158.250,   342.000,    2.4065,   19.9721,  276.0472,    0.0000
08/06/2021 06:00,  1336.938,   395.000,    2.4761,   20.8017,  246.3060,    0.0000
09/06/2021 06:00,  1297.750,   381.000,    2.4820,   20.7207,  195.1053,    0.0000
10/06/2021 06:00,  1126.438,   334.000,    2.4992,   20.7185,  189.7421,    0.0000
11/06/2021 06:00,  1029.375,   304.000,    2.4583,   20.4186,  156.6392,    0.0000
12/06/2021 06:00,   766.750,   224.000,    2.4616,   19.6258,  241.0934,    0.0000
13/06/2021 06:00,   341.125,   100.000,    2.4987,   19.3432,  141.8529,    0.0000
14/06/2021 06:00,  1067.313,   316.000,    2.4525,   17.9318,  324.1619,    0.0000
15/06/2021 06:00,  1022.250,   302.000,    2.4487,   19.9643,  224.4074,    0.0000
16/06/2021 06:00,  1065.688,   315.000,    2.4660,   20.0724,  143.2404,    0.0000
17/06/2021 06:00,  1163.750,   343.000,    2.4729,   21.1515,  246.2962,    0.0000
18/06/2021 06:00,  1223.688,   360.000,    2.4725,   20.7322,  158.8255,    0.0000
19/06/2021 06:00,   744.563,   219.000,    2.4853,   20.0415,  137.2477,    0.0000
20/06/2021 06:00,   348.000,   104.000,    2.4821,   19.9286,  144.0386,    0.0000
21/06/2021 06:00,  1018.750,   300.000,    2.4014,   19.6398,  261.9680,    0.0000
22/06/2021 06:00,  1038.938,   304.000,    2.4613,   19.4578,  181.7196,    0.0000
23/06/2021 06:00,  1258.063,   370.000,    2.4862,   19.1756,  221.9815,    0.0000
24/06/2021 06:00,  1218.875,   360.000,    2.4659,   19.4006,  183.9654,    0.0000
25/06/2021 06:00,  1060.125,   312.000,    2.4597,   19.3514,  168.0081,    0.0000
26/06/2021 06:00,   748.625,   219.000,    2.4621,   19.1176,  230.2499,    0.0000
27/06/2021 06:00,   371.750,   111.000,    2.4841,   18.8848,  136.9531,    0.0000
28/06/2021 06:00,   993.563,   292.000,    2.4077,   19.4973,  223.2678,    0.0000
29/06/2021 06:00,   363.125,   108.000,    2.4738,   19.2670,  153.1909,    0.0000
30/06/2021 06:00,  1253.688,   367.000,    2.4101,   19.4024,  290.2357,    0.0000
01/07/2021 06:00,  1171.750,   343.000,    2.4860,   18.8539,  171.3673,    0.0000
02/07/2021 06:00,  1149.625,   337.000,    2.4767,   18.3771,  294.0399,    0.0000
03/07/2021 06:00,   968.000,   282.000,    2.4705,   18.6096,  183.7242,    0.0000
04/07/2021 06:00,   387.000,   115.000,    2.4926,   18.5830,  154.2477,    0.0000
05/07/2021 06:00,  1259.625,   369.000,    2.4163,   19.0701,  247.6647,    0.0000
06/07/2021 06:00,  1193.688,   350.000,    2.4769,   18.7442,  207.3373,    0.0000
07/07/2021 06:00,  1189.938,   349.000,    2.4694,   18.8139,  240.3131,    0.0000
08/07/2021 06:00,  1209.875,   356.000,    2.4733,   18.7959,  207.5816,    0.0000
09/07/2021 06:00,  1195.563,   353.000,    2.4726,   19.4300,  213.8278,    0.0000
10/07/2021 06:00,   868.250,   255.000,    2.4547,   19.0877,  205.6929,    0.0000
11/07/2021 06:00,   386.750,   115.000,    2.4739,   19.4064,  148.3876,    0.0000
12/07/2021 06:00,  1327.750,   389.000,    2.4134,   18.7537,  230.7528,    0.0000
13/07/2021 06:00,  1338.563,   394.000,    2.4877,   19.6131,  172.8250,    0.0000
14/07/2021 06:00,  1354.000,   398.000,    2.4697,   18.9689,  178.7840,    0.0000
15/07/2021 06:00,  1339.563,   393.000,    2.4672,   18.8592,  176.5607,    0.0000
16/07/2021 06:00,  1243.813,   363.000,    2.4735,   18.5165,  208.0909,    0.0000
17/07/2021 06:00,   860.125,   252.000,    2.4822,   18.1916,  163.7392,    0.0000
18/07/2021 06:00,   384.500,   115.000,    2.4761,   18.3543,  164.0170,    0.0000
19/07/2021 06:00,  1128.688,   331.000,    2.3899,   18.3899,  274.8922,    0.0000
20/07/2021 06:00,  1239.125,   363.000,    2.4679,   18.6272,  208.0807,    0.0000
21/07/2021 06:00,  1211.500,   356.000,    2.4803,   19.1422,  227.9063,    0.0000
22/07/2021 06:00,  1233.188,   362.000,    2.4723,   19.2716,  220.5859,    0.0000
23/07/2021 06:00,  1177.313,   346.000,    2.4699,   18.8676,  241.3627,    0.0000
24/07/2021 06:00,  1024.813,   301.000,    2.4667,   18.7959,  197.5792,    0.0000
25/07/2021 06:00,   336.750,    99.000,    2.4716,   19.0504,  157.0703,    0.0000
26/07/2021 06:00,  1484.125,   436.000,    2.4278,   18.4690,  253.8378,    0.0000
27/07/2021 06:00,  1083.125,   317.000,    2.4676,   19.2417,  227.1439,    0.0000
28/07/2021 06:00,     0.000,     0.000,    2.4895,   19.9188,  159.9342,    0.0000
29/07/2021 06:00,   422.250,   125.000,    2.5296,   20.4858,    0.0000,    0.0000
30/07/2021 06:00,  1171.125,   344.000,    2.4187,   18.8012,  309.3109,    0.0000
31/07/2021 06:00,  1013.688,   296.000,    2.4668,   18.6272,  171.5544,    0.0000
01/08/2021 06:00,   379.875,   112.000,    2.4860,   18.5639,  154.1373,    0.0000
02/08/2021 06:00,  1299.313,   382.000,    2.4274,   18.1686,  339.5604,    0.0000
03/08/2021 06:00,  1259.813,   369.000,    2.4655,   18.9049,  183.6856,    0.0000
04/08/2021 06:00,----------,----------,    2.4767,   19.1392,  198.0230,    0.0000
,,,,,,
Sum, 88445.563, 26085.000, , , , 
Average,   993.770,   293.090,    2.4669,   20.2092,  200.4963,    0.0000
Min Value,     0.000,     0.000,    2.3899,   17.9318,    0.0000,    0.0000
Max Value,  1484.125,   436.000,    2.5296,   23.3958,  797.1626,    0.0000
